100
330245094223113570
576664437151336
199703287311018907
143031233330270293
332094941358363457
97070132733385284
405606165378614103
718880875053900169
248508324633512081
651875739309096037
121481678315824549
177315178664507728
132065332849364320
803365079885167381
570426813580822444
852533927079382377
361912314028033356
78708669179277063
889245656550117165
535588233643368907
699823827359474785
855357821672433427
8344900976819085
111111111111111111
98872828064642185
5158735328273605
571899491493600440
971348739244954021
17630858111021611
65961953626263499
572886278239615307
37973313862596426
391393536634735264
431958885628631473
787215846215674351
844198594131834397
3889832099884843
133649417390492029
4438091494095007
94193124835037635
89142897437140180
576460752303423487
80628210261003861
151970818238211610
559358769372856195
93886729639192351
576442380883614703
740926090330958884
1000000000000000000
579156036661182475
286743175766750587
56317130587739360
163975701784395
97279020350773843
386829124752000883
14212622706483517
143031233330270293
80547811962632407
38545737934995600
17220193477222093
119401781452781013
272225877348526507
102074725029409662
392937855041129965
6456502727916385
12722805179869093
36966489384640327
639995954406393313
128096126903331559
797927244317318616
148520384885591258
182391661411842064
754742311282476964
35164098625502113
127838468062516509
451748922395032099
7594877642657916
8433799640221957
263795484048432645
59680360407253891
226313517913459998
206920400070686641
106554739638443695
1531705432352905
688300106160753060
176759979082324
458302122334200
521481722832685447
634825945611447219
738845248154431293
771471622552934348
233840911512191845
325598667871964709
495107983837854920
6017776022248744
16083793639634320
642544850373225163
319135100789077839
989316275948070643
57664267307685480
