100
99941 1
99824 1
99819 1
26256 1
99945 1
99902 1
99813 87
99932 49
99976 1
99952 1
99843 1
99960 5
99840 1
25595 2
99866 1
99922 1
6311 3
100000 100
99877 2
97999 1
99809 1
99978 1
99856 7
99833 1
78339 2
99817 1
99807 5
99802 5
99858 1
99870 1
100000 1
99962 1
99888 1
99867 2
99803 5
99815 3
99872 1
99980 1
70853 1
99816 1
99963 1
99893 49
99848 3
99918 1
99955 1
10 2
99940 3
99899 42
99947 1
99927 3
34160 2
30966 2
99839 2
99851 3
99935 1
45381 22
99879 1
99944 1
99882 1
99949 28
99971 1
99844 5
99876 27
82575 5
99878 1
9364 96
92543 1
99881 3
56377 1
12513 83
99849 2
99847 3
99863 1
99842 1
99880 3
99911 54
99982 5
99868 5
45621 1
99909 42
99810 1
78515 38
99862 2
99936 1
99964 40
82603 1
99979 55
7 1
99951 1
99904 5
99913 3
99907 5
52785 1
99931 1
99852 1
99959 1
32880 1
99958 2
14996 1
1 1
