100
1868 1
1956 3
1936 3
1997 8
1254 1
1992 1
1815 15
1824 1
1881 2
10 2
548 5
1968 1
1948 1
1287 2
1165 1
1911 5
421 1
1861 2
1899 5
1776 1
320 1
1989 1
1951 1
1855 5
1879 1
1215 33
1944 1
741 3
1015 1
1978 70
1964 1
1 1
7 1
1916 32
1895 1
1897 1
1961 2
1836 5
1975 1
1842 1
1819 1
1960 1
1903 2
1893 3
1999 1
1830 3
1849 1
441 1
1860 74
1811 1
2000 1
254 1
1839 3
1913 22
981 67
2000 100
1822 68
1826 1
264 1
342 5
1939 1
1039 1
1965 2
1889 5
1919 1
1730 36
1940 1
1171 1
1189 1
1851 42
1814 1
1859 1
1988 11
495 5
1910 1
1862 3
1920 52
1945 2
731 2
1982 1
1892 1
1429 1
1621 3
1810 5
1993 2
1800 2
1846 1
1837 1
1967 1
1873 1
1817 1
1901 1
1932 1
1957 3
1915 29
1887 3
1833 5
1869 48
1816 1
1350 1
