100
5 5
486 613 257 25 291
698 646 843 830 693
544 489 745 311 462
923 402 933 523 918
218 939 419 450 767
3 3
646 983 465
601 907 983
773 202 143
10 10
106 225 505 600 909 563 32 617 581 100
435 851 724 116 870 769 258 114 83 926
646 500 264 798 651 85 219 499 653 452
721 1000 329 466 667 39 455 429 535 735
463 87 295 823 29 341 244 557 231 987
331 490 765 568 369 843 654 500 56 178
657 626 860 877 12 284 100 519 740 971
869 10 678 832 501 7 148 872 260 522
74 62 439 339 824 699 165 440 29 822
799 712 910 644 637 543 408 363 905 708
5 5
330 339 181 701 802
708 925 422 104 354
184 150 904 186 610
562 513 240 444 352
711 613 806 869 430
3 3
417 199 484
662 680 305
398 541 497
10 10
63 899 842 366 856 289 469 823 281 747
848 562 580 462 218 152 392 292 756 658
783 655 404 674 75 600 380 831 858 77
502 138 556 431 778 912 376 547 612 451
865 846 888 275 897 246 868 561 568 246
572 771 579 783 902 458 869 155 905 646
854 140 197 492 968 969 608 866 793 94
541 461 637 447 137 101 860 315 362 967
766 942 998 481 634 188 418 558 294 353
511 161 735 703 604 430 102 5 484 223
5 5
584 980 758 46 402
419 270 802 260 885
801 585 84 39 902
110 514 326 83 67
22 101 748 856 397
3 3
649 895 534
756 207 97
707 947 376
10 10
276 123 567 220 869 71 667 128 308 300
227 609 195 951 7 425 100 295 178 767
386 642 492 549 622 700 555 154 714 725
610 542 410 983 17 641 281 961 719 212
270 374 277 214 138 669 207 398 802 182
636 435 970 265 723 509 282 356 573 971
720 364 928 157 439 785 919 201 541 933
405 375 803 232 408 747 573 392 528 832
230 842 293 163 473 915 400 154 218 296
367 702 815 504 990 446 877 761 137 361
5 5
491 230 541 755 870
784 831 443 733 133
23 878 558 154 306
337 236 460 256 180
117 649 226 433 637
3 3
358 696 230
902 720 391
719 183 885
10 10
950 242 950 406 901 960 748 798 222 35
273 444 721 512 405 202 678 766 541 897
93 119 234 554 297 937 188 759 860 746
871 590 186 355 998 552 689 7 477 506
737 847 697 61 663 766 673 572 41 437
640 369 894 180 996 279 581 374 149 708
62 186 500 143 30 26 309 400 813 297
54 142 249 857 372 791 582 98 397 820
211 376 626 84 570 410 289 196 318 580
466 922 693 409 219 48 103 422 640 140
5 5
3 530 954 510 357
521 195 307 913 635
486 665 790 290 949
689 731 894 46 131
283 6 411 480 467
3 3
336 729 607
269 351 420
3 221 170
10 10
163 43 133 272 37 502 831 390 744 805
616 240 850 898 459 221 649 937 565 198
18 527 980 320 205 273 397 982 392 448
552 335 947 431 10 862 332 671 988 908
939 476 310 307 838 845 804 181 876 864
948 954 508 295 326 771 992 434 608 148
192 137 308 725 884 341 214 89 918 110
931 742 664 139 245 578 214 389 685 651
730 462 816 647 787 650 407 541 662 170
733 370 518 924 196 596 805 826 413 404
5 5
661 45 6 367 820
530 1 593 669 900
634 798 811 39 923
304 679 530 682 272
555 570 790 672 421
3 3
585 351 677
284 938 234
309 927 957
10 10
416 212 935 463 551 936 706 698 306 629
587 156 842 601 293 789 980 898 468 749
273 498 465 993 967 653 818 261 313 555
910 909 618 622 176 234 158 753 391 283
648 866 783 450 539 711 521 627 218 254
651 748 614 214 621 341 850 543 38 44
118 891 680 490 277 635 327 709 692 769
256 631 317 868 844 113 327 957 102 489
304 121 680 882 524 218 44 299 894 499
865 327 271 22 833 594 788 229 756 504
5 5
86 223 681 96 678
59 675 748 956 912
1000 590 212 213 888
166 189 142 48 139
78 276 865 987 415
3 3
187 558 483
827 626 222
344 335 952
10 10
333 269 277 369 925 692 497 541 189 599
207 436 835 273 29 98 790 574 872 824
464 177 925 702 288 766 988 265 502 120
138 424 599 52 571 989 310 974 20 175
193 367 335 212 129 420 164 747 321 96
804 800 910 48 431 224 41 93 917 606
265 28 698 501 393 106 714 6 680 867
234 799 534 33 964 783 515 275 714 522
679 903 354 771 781 757 465 694 230 186
740 391 240 602 443 176 811 414 212 616
5 5
756 236 466 509 532
812 703 800 309 231
108 550 808 86 83
484 667 40 944 523
292 722 297 385 5
3 3
518 729 125
441 201 470
658 572 436
10 10
334 265 435 626 523 124 495 621 442 505
981 807 988 862 932 137 362 282 279 75
262 188 415 305 591 550 792 18 549 552
389 398 227 108 654 745 318 789 416 349
329 972 631 515 116 145 882 187 412 482
793 549 582 711 331 341 393 39 281 402
747 167 20 478 856 969 907 705 232 99
280 509 239 788 297 303 738 338 832 662
651 533 859 227 346 397 390 886 976 72
266 910 263 963 607 945 627 262 147 579
5 5
884 531 15 174 237
202 799 870 905 915
671 241 634 473 297
684 448 934 768 367
724 950 516 997 370
3 3
78 517 596
484 628 7
272 514 991
10 10
890 553 788 907 9 449 719 194 173 352
736 263 488 455 48 97 11 519 71 299
50 66 491 973 992 872 634 198 422 740
824 774 512 10 789 784 237 504 381 587
586 645 509 855 481 972 801 198 250 70
716 372 165 678 793 427 714 377 606 531
629 496 208 517 472 694 644 599 482 968
568 709 413 227 796 12 861 701 783 434
58 660 665 74 295 813 17 605 77 271
95 500 208 987 383 496 605 125 515 554
5 5
649 941 162 523 397
846 158 884 627 765
29 143 743 103 412
257 12 646 481 65
710 378 454 802 397
3 3
937 167 715
260 632 919
854 796 236
10 10
842 11 712 606 107 374 708 868 762 137
849 728 678 386 110 424 345 63 235 94
434 122 68 37 761 5 433 571 281 453
663 95 795 828 573 558 760 592 842 770
500 206 523 954 278 848 340 886 911 155
453 366 569 754 991 325 454 199 681 107
890 265 677 681 49 45 575 921 142 390
915 602 889 176 8 436 492 356 76 620
28 448 503 83 450 245 202 689 47 109
23 625 769 946 288 813 532 184 666 981
5 5
437 763 657 607 828
664 157 801 248 817
314 764 938 721 332
751 199 868 518 755
324 711 65 66 492
3 3
207 411 993
552 281 776
864 681 201
10 10
885 292 64 550 89 268 476 288 759 86
673 622 412 481 622 423 222 634 993 188
26 948 130 334 21 692 886 329 345 720
318 580 23 694 995 511 123 299 59 696
448 176 159 132 661 2 785 689 35 188
369 294 609 136 219 906 294 416 70 75
355 541 91 704 100 562 399 868 925 544
646 232 664 585 42 55 562 13 838 680
544 64 860 600 435 695 981 353 489 25
603 599 311 559 589 925 593 11 932 534
5 5
622 461 78 349 494
658 840 571 56 170
76 716 329 793 435
77 596 405 557 426
904 857 335 93 517
3 3
468 331 196
665 953 179
885 243 319
10 10
837 240 771 572 694 815 804 509 972 427
453 393 135 8 143 793 828 518 744 112
377 400 518 426 899 601 7 868 414 254
558 674 326 924 555 247 727 18 253 21
681 749 108 990 157 436 922 370 119 873
239 420 833 248 41 949 291 765 906 456
837 273 520 568 464 131 512 373 854 788
178 98 17 92 937 774 858 575 862 400
811 670 722 118 706 702 331 255 361 121
574 521 556 831 834 541 61 996 235 514
5 5
457 946 212 232 696
779 89 507 450 14
564 670 460 195 484
498 682 968 691 812
249 674 91 667 509
3 3
242 561 433
252 453 725
80 9 91
10 10
242 904 799 467 84 962 990 200 787 602
735 811 31 566 799 340 243 354 152 207
573 30 761 336 253 469 486 586 260 499
711 179 975 35 80 355 211 889 871 796
934 218 774 596 810 484 331 919 867 1
611 729 518 580 999 403 957 772 688 767
102 709 508 884 709 631 191 751 735 881
476 517 205 783 422 829 563 548 657 480
512 754 121 685 831 417 427 375 477 703
110 546 472 834 947 29 992 384 583 697
5 5
888 723 556 336 492
920 549 241 148 11
27 865 909 836 901
223 441 674 665 163
445 629 114 246 684
3 3
723 484 476
863 564 205
586 641 729
10 10
65 670 9 577 156 542 478 211 542 607
606 525 59 149 16 203 132 891 893 334
607 371 394 244 861 243 377 781 936 144
293 143 115 316 987 295 719 40 53 990
259 614 56 36 591 957 385 246 866 101
742 192 841 697 129 777 820 247 534 859
895 2 731 530 114 807 612 547 855 75
815 133 57 366 4 16 684 599 62 560
968 992 822 296 383 197 284 722 551 379
211 7 496 459 432 538 684 445 492 814
5 5
585 300 485 618 307
237 484 237 183 588
404 968 513 310 643
985 675 155 24 631
425 342 662 672 122
3 3
544 624 632
831 216 814
237 783 102
10 10
624 223 453 406 902 178 416 50 98 295
560 652 191 639 433 94 535 971 694 820
340 359 435 850 937 439 589 449 860 260
492 549 782 623 904 714 278 723 739 51
226 828 410 183 853 953 701 570 883 917
166 508 713 199 1000 698 248 421 321 800
602 28 305 23 595 81 168 726 680 474
24 892 670 810 682 282 221 324 517 623
718 483 787 361 159 686 206 538 823 498
750 661 123 561 189 162 373 10 396 730
5 5
680 978 137 957 921
378 669 962 747 45
771 448 999 275 331
15 364 358 571 188
103 751 951 625 54
3 3
730 530 386
462 782 332
696 972 573
10 10
901 67 48 438 294 189 628 562 563 117
897 963 613 571 571 348 496 640 99 56
487 252 937 396 500 405 364 948 834 336
231 148 165 62 618 82 684 926 877 743
91 590 446 308 882 290 518 414 260 230
732 309 892 253 52 380 771 374 530 585
458 679 387 779 589 25 524 188 927 114
435 202 284 867 454 777 897 999 543 85
923 526 255 370 313 402 875 785 617 449
295 181 91 251 983 554 622 942 642 905
5 5
235 821 762 636 654
7 272 856 451 206
632 978 489 859 771
467 175 877 342 894
394 914 812 115 569
3 3
970 851 777
668 864 230
809 935 268
10 10
719 553 476 447 874 372 883 283 584 969
856 92 920 682 281 153 540 244 643 135
637 198 657 312 350 622 133 657 32 997
34 212 912 564 923 661 322 960 639 272
640 771 437 996 154 679 59 341 78 906
504 782 61 550 110 927 998 174 966 225
148 455 427 870 797 1 691 164 452 774
486 579 431 947 557 645 972 783 284 341
56 254 978 451 985 26 906 179 968 859
698 598 155 65 338 327 282 785 516 100
5 5
181 652 909 918 706
397 842 287 297 386
736 863 121 367 431
686 411 101 489 513
259 424 413 648 324
3 3
101 139 129
856 974 732
576 195 483
10 10
82 368 899 384 504 727 117 656 100 6
103 371 61 602 779 383 880 840 957 576
94 836 277 238 378 109 142 974 35 618
813 643 861 580 665 975 731 176 350 518
713 248 273 598 423 962 998 764 320 46
111 867 72 301 383 849 724 19 162 479
35 213 59 592 310 128 939 387 787 906
347 259 198 61 16 513 4 335 482 864
195 541 795 166 642 656 119 103 934 350
636 701 321 796 345 993 436 745 298 614
5 5
539 812 401 150 233
356 505 678 349 936
121 581 211 685 539
510 147 940 882 147
616 550 246 546 340
3 3
580 328 171
597 751 378
174 942 932
10 10
323 386 670 360 645 220 960 147 775 615
986 737 285 650 811 88 935 232 171 249
895 44 138 434 449 495 13 24 144 208
406 243 527 935 888 768 332 37 657 894
924 552 201 129 255 642 231 545 872 673
732 370 519 63 627 920 374 710 469 727
453 830 600 745 904 908 865 635 63 408
511 174 111 830 754 493 317 2 27 279
56 898 807 940 642 29 876 107 72 977
862 250 808 546 968 140 887 422 793 931
5 5
823 490 259 239 514
575 818 409 497 244
269 659 190 594 856
678 387 999 163 933
473 142 535 541 20
3 3
750 578 985
668 811 715
867 913 552
10 10
572 625 901 540 760 990 428 210 177 590
958 809 904 678 954 509 601 40 765 797
600 30 413 276 824 947 5 489 644 61
194 163 686 49 953 818 895 752 512 723
331 156 590 852 181 725 889 240 196 915
920 375 771 987 86 336 116 769 970 523
771 319 956 316 24 445 589 179 798 709
455 90 583 597 137 557 149 514 102 751
122 732 561 568 12 441 622 73 425 419
589 311 95 110 293 641 775 929 434 427
5 5
464 387 633 918 882
483 346 604 521 18
84 206 946 896 104
129 855 446 667 847
459 606 330 506 62
3 3
248 320 861
523 320 455
65 75 181
10 10
938 240 331 227 178 928 694 258 388 236
4 25 555 97 294 176 672 206 53 665
553 726 668 61 417 647 873 561 87 471
126 295 104 33 381 761 723 585 509 450
728 22 205 599 569 320 1000 415 454 202
539 788 54 793 243 367 770 628 264 166
615 924 227 141 345 777 540 32 133 240
849 550 660 339 453 197 702 639 12 672
32 573 838 962 486 906 873 919 915 905
201 944 813 327 382 383 867 242 60 70
5 5
709 192 686 218 940
526 977 366 984 501
679 417 104 676 991
580 843 670 429 528
649 908 530 653 782
3 3
672 625 194
573 288 362
579 274 618
10 10
706 464 676 725 787 869 803 41 28 387
734 628 520 966 718 599 26 908 876 687
3 280 530 19 924 695 863 472 108 636
897 295 283 89 372 262 231 596 370 620
681 696 840 46 814 610 893 532 277 273
835 359 946 262 272 180 722 427 797 264
738 386 546 985 191 962 515 294 723 637
524 202 623 44 173 463 520 13 252 427
347 721 639 789 902 125 609 741 150 544
227 105 50 104 864 728 428 530 948 885
5 5
282 354 247 675 409
211 12 479 28 972
767 743 600 829 27
283 390 832 177 233
15 567 722 661 1000
3 3
649 430 888
286 822 160
621 984 694
10 10
446 425 464 673 852 887 946 773 321 980
613 957 559 183 960 436 282 20 272 135
394 81 242 626 309 67 863 204 572 684
18 920 56 618 259 821 724 790 358 955
462 166 670 724 163 753 798 249 306 406
923 135 708 33 819 832 407 592 33 822
32 652 395 282 329 960 535 306 631 43
458 777 307 20 160 176 291 370 987 726
659 303 489 51 820 645 978 596 654 39
817 982 957 942 360 8 321 557 983 115
5 5
529 166 31 593 521
974 306 742 856 648
810 478 939 985 872
37 481 378 155 907
477 730 358 967 425
3 3
892 17 50
115 691 418
307 299 772
10 10
258 530 441 692 450 856 125 113 61 523
789 458 848 115 733 377 106 214 245 802
566 204 403 773 267 18 963 953 605 463
227 706 556 775 222 694 345 341 602 53
207 213 52 68 124 731 421 423 489 243
282 875 259 433 522 522 506 12 47 384
565 434 446 736 740 455 923 290 276 576
349 645 127 479 15 876 749 717 293 324
274 464 504 644 135 87 641 886 591 823
875 143 657 635 575 370 327 225 107 792
5 5
492 892 419 490 529
45 897 5 409 330
613 493 963 842 376
82 779 55 829 164
676 811 681 449 370
3 3
624 239 109
658 595 869
933 901 97
10 10
934 84 340 475 888 714 284 365 53 908
442 447 643 800 950 732 931 298 604 748
441 139 453 25 227 859 955 949 727 56
723 615 321 489 508 23 54 521 814 284
769 272 506 569 736 192 484 221 399 577
583 282 398 402 573 158 236 926 64 214
565 722 415 850 589 978 576 540 927 521
438 542 471 446 522 678 846 552 640 888
254 863 979 770 798 255 67 523 55 421
401 425 135 65 952 528 595 120 241 561
5 5
876 510 959 991 4
333 44 117 797 34
554 23 992 904 545
131 647 845 789 457
217 543 822 818 76
3 3
111 581 821
13 433 796
951 760 147
10 10
441 249 537 975 515 24 197 544 659 72
949 415 515 858 904 213 889 987 354 979
318 386 393 103 500 439 487 90 170 450
228 263 828 619 680 450 360 14 483 253
810 335 623 53 923 567 718 407 543 43
972 710 902 459 724 841 464 712 892 358
959 359 576 458 32 414 535 306 868 364
500 755 278 475 13 594 11 70 145 121
54 770 484 23 432 94 758 902 855 309
766 14 939 374 635 335 731 538 760 9
5 5
432 923 56 206 886
737 320 859 451 468
818 813 646 451 808
672 12 514 72 256
208 700 977 191 270
3 3
888 761 630
321 693 724
447 18 80
10 10
313 848 866 88 717 458 786 530 651 608
998 776 223 729 415 535 438 712 635 16
355 597 361 939 985 600 822 281 994 716
193 305 626 906 925 840 857 760 137 228
257 204 975 156 877 372 549 459 276 996
585 796 905 352 678 960 78 689 814 903
171 202 172 238 432 789 525 285 694 88
78 595 272 313 821 492 127 197 469 578
924 201 190 86 270 574 728 365 903 719
528 796 8 934 213 854 420 795 366 791
5 5
502 904 648 979 12
736 106 856 952 187
139 341 208 282 859
140 787 293 952 790
600 939 935 28 653
3 3
19 513 131
383 647 653
430 745 433
10 10
745 813 261 502 110 99 396 200 178 585
337 735 396 847 474 570 790 133 354 452
483 605 292 678 669 411 505 222 974 698
308 666 194 322 786 596 447 426 279 311
28 786 463 531 250 460 288 314 95 600
77 774 557 963 615 246 650 690 98 771
287 541 804 749 227 751 625 792 713 4
653 817 830 544 748 545 404 347 512 318
129 39 360 298 931 486 427 228 932 417
279 956 788 635 442 208 541 267 130 831
5 5
222 938 142 108 243
903 379 878 164 882
615 221 487 572 240
615 139 336 78 921
258 127 146 452 688
3 3
354 224 118
918 721 674
564 84 869
10 10
43 735 640 140 218 712 628 627 649 612
888 643 179 952 547 154 936 524 206 536
303 593 876 561 760 307 214 730 827 365
702 100 549 843 356 325 402 699 954 875
376 904 95 600 928 379 412 666 570 49
12 827 458 518 290 696 714 49 516 577
349 872 88 311 848 655 347 621 702 587
985 533 101 50 66 219 674 205 713 866
604 133 899 493 877 686 214 82 874 992
197 500 456 365 168 824 563 482 192 577
5 5
256 567 713 635 243
194 887 782 592 833
258 5 977 124 336
306 698 68 892 12
465 251 968 708 485
3 3
3 153 773
103 256 990
199 329 454
10 10
946 296 216 664 515 889 927 51 463 653
873 295 426 642 234 747 411 744 130 882
504 329 558 852 42 990 888 485 908 756
100 409 264 830 8 709 73 89 253 175
114 456 904 371 326 708 220 975 78 470
166 871 660 926 652 307 785 488 1000 575
749 907 722 283 988 732 873 599 221 891
422 324 204 833 428 685 353 70 896 947
400 148 237 874 637 210 708 384 941 895
405 426 540 462 386 534 56 245 300 912
5 5
116 621 320 990 970
78 468 323 343 838
54 953 969 515 980
972 892 830 68 708
1000 737 887 38 514
3 3
239 646 140
352 417 384
163 453 941
10 10
393 368 369 932 650 550 519 21 590 586
795 934 218 99 450 119 164 284 288 153
915 421 819 481 448 964 907 681 882 187
435 454 400 95 650 249 451 527 161 503
90 296 58 615 371 588 382 194 363 63
333 377 936 92 619 115 792 176 126 652
943 10 633 883 489 844 253 204 763 839
316 539 454 361 125 705 995 864 822 605
436 961 545 470 888 566 927 685 734 241
130 942 258 712 252 226 411 784 653 639
5 5
661 768 267 742 193
37 277 580 868 243
541 276 848 894 66
228 364 279 399 920
981 454 822 790 385
3 3
599 683 860
510 587 173
891 189 218
10 10
903 259 596 277 110 317 760 113 814 811
974 30 239 760 157 434 696 796 914 497
3 863 174 196 305 11 893 26 900 366
220 169 931 215 927 390 32 781 934 400
348 570 94 749 39 836 610 856 451 704
735 864 714 648 273 978 600 24 425 219
707 669 305 17 583 75 283 286 617 505
622 572 111 365 982 80 447 845 624 363
333 295 652 175 722 229 781 392 745 619
916 819 622 308 296 201 67 151 60 615
5 5
820 902 386 993 451
666 492 50 390 94
730 966 819 849 616
685 573 390 672 168
199 617 283 401 417
3 3
443 538 807
386 670 517
616 299 355
10 10
667 725 268 295 780 624 895 303 108 842
119 816 216 187 771 571 308 514 724 537
127 243 972 620 358 248 189 831 786 344
141 894 563 985 736 319 318 202 784 206
490 909 727 340 515 357 489 736 489 49
71 389 208 700 662 549 409 229 715 700
97 404 117 233 72 682 289 151 538 165
459 671 796 542 452 513 328 592 752 577
370 590 367 257 42 787 251 173 525 683
754 358 700 102 47 563 690 31 283 990
5 5
691 217 36 904 944
883 738 382 501 286
744 45 23 467 884
996 411 469 946 72
760 910 174 29 88
