100
2
200 100 100
2
1000000000 1000000000 1000000000
2
1000000000 100 1
2
250000001 0 1000000000
3
10000 3000 4000 5000
5
3000 100 100 100 100 100
100
1000000000 1000000000 1000000000 1000000000 1000000000 1000000000 1000000000 1000000000 1000000000 1000000000 1000000000 1000000000 1000000000 1000000000 1000000000 1000000000 1000000000 1000000000 1000000000 1000000000 1000000000 1000000000 1000000000 1000000000 1000000000 1000000000 1000000000 1000000000 1000000000 1000000000 1000000000 1000000000 1000000000 1000000000 1000000000 1000000000 1000000000 1000000000 1000000000 1000000000 1000000000 1000000000 1000000000 1000000000 1000000000 1000000000 1000000000 1000000000 1000000000 1000000000 1000000000 1000000000 1000000000 1000000000 1000000000 1000000000 1000000000 1000000000 1000000000 1000000000 1000000000 1000000000 1000000000 1000000000 1000000000 1000000000 1000000000 1000000000 1000000000 1000000000 1000000000 1000000000 1000000000 1000000000 1000000000 1000000000 1000000000 1000000000 1000000000 1000000000 1000000000 1000000000 1000000000 1000000000 1000000000 1000000000 1000000000 1000000000 1000000000 1000000000 1000000000 1000000000 1000000000 1000000000 1000000000 1000000000 1000000000 1000000000 1000000000 1000000000 1000000000
83
7249756 3453470 2367338 2021649 6408634 5631993 1434429 2154784 4873103 2686817 4520451 5461365 4417062 8835155 2187851 4726067 9876655 4570883 5587932 2994981 6250115 9246768 8859241 9280499 5928689 9097463 4921558 3658259 2616872 3459885 3731172 8411993 2602784 1344294 3834716 5518838 9333331 5010061 4149351 6223048 6950083 1183963 5601711 2404401 5452647 9466432 5551300 9017081 6598478 5061000 3943093 9300996 5211982 5431790 5938447 3094722 6843922 1941126 9172908 5531820 8217190 7734095 6864794 1104245 6080249 7001843 8687715 1177585 7999895 4541792 8091952 5535123 4479673 6469871 2308121 1101556 6877950 6274490 6669337 4763443 6050212 9800365 4075219 7930098
20
78406059 2838759 1020497 302908 133567 12821 3854 3637 929 721 265 66 16 5 0 0 0 0 0 0 0
20
106780845 6216132 3094091 4386628 2403646 2185232 1647830 1869219 2158974 3169891 2381577 2380915 1329855 2772018 2389780 2195719 486246 1362835 1362572 455575 1258980
84
8490077 8145478 1378151 8810189 2332593 9025287 2385229 9877231 6318240 6332424 5889038 1466680 8657690 3596745 5739641 9856812 6292294 1581700 5570425 5063820 4064064 1118828 4645203 9929734 7904947 6680310 2518449 5967097 2902900 9980334 4935664 3757076 9385434 5397950 9490885 1103706 9312706 4585672 9271524 9829412 7323606 1974625 1886461 9730541 9242933 2003182 8568474 5483915 4108381 1527323 8225492 4625955 4408550 1989554 5638685 8182421 7000822 7875437 3467311 9558844 4229702 9034756 8080941 5053104 1303302 7945440 1774468 7475052 4480701 1259914 9257144 5316427 3295320 5756010 5329371 2224140 5948228 5182136 2293797 8110092 4889637 9571386 6102415 9475207 2886911
85
8627759 7273722 4305887 7864650 9434266 8790865 9709560 2637753 8527290 6011517 2959645 8252819 1304142 3330991 1582274 6922244 9669790 1017142 7347214 5628205 2304968 2008440 7098795 3056316 6583580 8108188 6221857 8424702 2793184 9823832 1151772 7094897 7143796 4791230 7007475 3790008 2966173 9935405 1704929 7226686 4738390 6605296 9675052 3283078 6651842 7688382 2385374 4722987 6605809 1905126 3010202 1723946 6285294 9583805 9287100 7743675 1780519 4365888 6188718 4431250 3715812 8819222 5790624 1361355 1307162 2256548 7751517 7426505 5576425 2416827 5903193 2343299 2681688 9845504 5119660 1203184 7166922 4779374 5918857 6547401 1902995 6108416 5306427 4028815 3273918 7229660
20
94219346 2886887 2096738 1875532 2378087 885472 839681 115234 300979 586066 202906 159458 69294 91818 25630 13152 64587 18906 17192 7125 10157
20
122514150 2263784 1743870 1318825 314123 117187 60923 97378 57728 32502 18830 9309 5281 1468 849 870 178 231 98 25 17
20
84277014 2451292 438248 228072 53677 65309 11370 1942 3400 889 327 125 68 15 4 3 0 0 0 0 0
52
16079068 7202997 8490461 6774078 8471472 7706150 8471997 2766479 2071774 1898079 3469014 8518687 2290649 8373223 7769756 1876004 5226555 1671622 5086074 2380913 3752349 6086818 1640946 7483489 6266004 5644146 2327033 9519338 9685522 4552461 6077671 9769526 6582880 4335435 4571228 6903020 1286709 4388786 5989715 9956256 6895117 9899529 4005449 5917393 3385307 1551944 6557395 1136036 5108596 5925462 5705025 4196761 4468121
52
4527135 2471400 1004699 2833068 6920832 5310992 1604061 5290506 7754826 8280826 6214676 7747251 6842993 7026942 4680648 9889454 7111806 7191542 1357614 5307622 9472151 6199543 9816951 7378976 7816385 2001146 2150944 3476381 8054386 5128228 1918991 2093497 8438992 5503477 6413132 5511283 4915741 6219093 4976489 1741548 2317156 9352117 7531914 8189247 8920095 4607487 7431385 5949244 5526879 7833160 9878500 2305601 6508601
20
100935478 5911029 6059790 3442307 5624989 3160984 1367089 1468362 1988933 1127866 863253 589009 2384501 1515945 208491 544956 1507622 267272 389948 821661 334692
20
129174075 4516158 4019491 4599265 3221880 3728529 3674533 792335 3338286 3134207 4259846 614443 2625357 3648174 2517695 2961471 2797501 2869670 2704346 1983674 1720557
20
124588874 1646847 3315046 3246569 1625267 1271844 667806 350102 96562 132740 220956 49767 90071 41056 56452 18706 20934 15687 12201 1762 5516
53
9917067 2474592 9821323 9131920 4227842 5615954 8603070 5658959 3411060 3266870 6811571 4402008 6124384 8270946 4226837 7745775 9479214 6916596 4402102 5780258 6178492 5739706 5350634 8491699 1867522 5968509 2109007 9290663 5173245 5255917 2271967 4488374 6092015 7606624 2951408 3301853 3362078 5944372 5869066 3306216 3662066 6774623 7417843 7963033 7385013 7579221 7133932 4964179 9369846 9181064 4955120 1132756 6458057 4967460
20
120474465 2107919 4185779 674347 2460290 1099926 787673 1145694 424867 479000 153845 345021 218350 200007 20013 105178 40273 15412 19828 25025 22286
66
11291155 5278859 7891383 9418382 7997571 2984589 3207252 4206028 9466929 8715049 5618456 7171989 1040279 7924109 3920103 1061727 1914544 4908621 3980174 4597286 1952090 2308736 4888170 4591027 9497010 3638216 3946961 5353948 5113959 7207199 9319096 9879592 5121326 2052551 3955451 4853589 3533332 1790475 4643466 9465426 6889271 1301207 5878754 4976567 5395556 4312147 8179211 1385513 7621970 4721875 6703719 9316351 7840964 5166151 4021163 5736683 7197512 6169905 1906093 5569383 1616983 8663951 7798341 1239653 3766940 4913718 2322770
20
59359097 903723 186759 203585 63413 40813 11363 1321 420 959 239 93 34 2 0 0 0 0 0 0 0
20
112622242 1853572 2815032 1478649 738614 6414880 4948020 3715545 4334608 2427110 3429906 2250597 1004141 3461115 923754 800083 2479041 1306235 1479705 1227515 1853410
20
55903831 1135331 91250 110377 44076 13490 3901 631 190 39 27 1 0 0 0 0 0 0 0 0 0
20
73788438 1754709 263042 159050 62056 16632 5865 769 371 47 21 6 2 0 0 0 0 0 0 0 0
20
104906127 1550384 6821227 2408253 1991836 4544488 1445410 2677531 2463607 2023967 349144 1846612 1192044 573117 978006 337082 103902 168612 209226 92831 272527
63
6788549 3549803 2095307 1718806 3655083 2627187 1266857 3858102 1272299 9790462 6780081 4716049 7678299 5770212 4292414 5996436 2810932 7466761 6929227 4725318 3754060 6348084 1803498 5529514 6210367 8524695 2394510 2939116 2918583 8828109 6376752 1846662 2856953 4591910 7270521 7073904 2934130 3052534 6738792 4904479 1749380 2883536 5982170 2054459 8203916 4400554 6353655 2306070 9127556 1094762 7343084 5497186 9401565 3307205 4482033 9559123 7788337 3941818 5842724 3862801 3568236 7593409 7501579 6482169
60
8268082 4907244 7129178 2661400 4789396 4904978 1943150 4092545 7949637 5880802 5463277 8902927 8762914 6972343 6901149 7349985 3291688 7289831 9990445 5895049 4481414 3710882 1007347 8727193 6168461 3621534 4730202 2220449 1689419 8961380 4523038 6595124 8108196 8091620 2808874 5916375 1313885 5553798 6403665 7422733 9866976 6140394 2631913 1242045 1460303 9767769 5712715 9074659 1808059 9772868 4421841 1474996 4544106 8552219 4265777 6021253 2871825 8740121 9276979 3490683 3228852
20
76966822 2767774 245391 195637 21809 9320 4327 1265 184 95 6 6 1 0 0 0 0 0 0 0 0
66
8684754 2353543 2697194 4469636 1204667 5537922 3331412 3406878 8894034 8812818 5517784 7714962 1886338 5505620 3888785 8233680 2709750 5019993 4151440 8589039 5540638 9318278 2778526 3758509 9042320 6402075 4738028 2782457 5282651 3751191 7794744 6118685 4988995 8395972 4373397 3121464 5507731 8764043 8660556 4493523 3889361 3734127 2793713 9790901 6570577 4270758 8595555 5329666 9973228 6664823 9247455 9327635 8316621 2881996 6876202 1187413 2331605 2059587 1255972 9730835 5920725 9329970 1845768 8005594 1637582 1846238 7244035
94
61752068 7276307 6350110 5731808 9781852 7742616 4604547 9809538 1592763 6192252 6599976 6728173 7186631 5041094 9255585 4840884 5837179 5370216 2470595 8321000 5554532 9986063 3232128 1922820 9551625 8199791 6745630 7649703 9611681 1692911 3839168 6978396 5270103 3930365 5682183 8846125 5714442 3078595 3298483 2081107 3849509 3502298 1918160 8751968 7452701 6521893 8670485 3792962 3627126 8172959 1753564 9999395 8684716 6750615 6943996 7283957 1601160 5151693 9561890 6583172 3098277 9327708 9176950 7409008 2100991 5656687 9044351 7393590 5743107 8354599 6375967 2386372 7381967 6355733 1445568 1119591 7364641 6481930 4678528 3633799 9725650 2716995 4124435 3835105 6894589 4958857 1347926 8162238 9378702 7674515 4434701 7822745 2153396 8260451 2794404
62
7075090 2874076 3028388 5118730 7778687 1635282 7216576 4656936 6787918 8011492 8049243 7078542 4323149 7413527 5831923 3266094 2007855 1935121 6423328 2890267 2885091 6608376 6744730 1072147 9775484 6450375 7359531 5752579 6200888 8955014 9533401 9773588 1097210 7884509 1702031 9547506 7276770 1391037 4727471 5516149 8629574 5377320 9013899 1220884 9390651 4540250 9664782 3668460 2499872 5101381 8859219 8615678 4225858 9402324 8952067 2238123 1869428 1538931 6950750 2964605 6999274 7803740 7402486
20
107446408 3885727 3850020 1259869 2537867 4405611 3813867 1357926 2046419 383076 1268524 1646728 1805768 635494 286597 197614 797957 243535 740621 593203 354643
63
25953167 3648719 7625994 2113608 3907133 7001034 6698303 7744520 4811365 8008964 2918110 3602914 6576585 4889011 5586758 2872675 7084571 9912286 6048124 2136186 5444407 1792986 2501541 6790333 5195862 3140261 3625201 2580647 2965154 6491602 2095010 4169583 4369646 7505014 5840767 1395791 3897331 1872091 6656862 2571879 3915801 8900447 2729859 2419379 8304411 9890840 7228856 8055962 9615927 8679460 5267382 2338940 7881820 6330228 9108922 9608579 3221780 4062719 6242366 6940204 9870048 5537014 6627430 7136121
68
7795833 5043828 2116311 9785460 8803354 5788921 4973092 5493204 8693319 2621352 6149273 6859134 2983943 1406858 4489558 4669597 4942280 1268076 1367370 4869433 3873233 6472409 1974556 7721067 9023585 3447210 8823033 5240266 6422077 9431702 3891189 5068052 6529122 6320082 6069596 8589149 4513988 4825927 2681856 7418565 3511975 8756712 3015418 5933234 2035345 7662166 5537117 3535588 5698158 1771245 4407883 1310510 5504269 6146088 9623746 5038456 1753509 6973817 3192248 1831975 4082998 1652264 7939081 4721685 7319908 1961190 7956548 2635695 3770840
20
96572962 4819409 5598817 8004973 5336301 2441115 4338788 8346271 3974508 3708427 2292516 5964113 3754214 5671040 6312581 5976022 1178210 1126036 6448811 1824076 1118449
20
123533567 5310561 4522157 5568467 7373747 7928021 7184871 8610850 8979219 5733342 4593213 5125576 2357515 3078394 5463262 4965271 4019448 4859666 3195943 4960267 8190002
20
118501079 7926978 4873913 1359671 3865208 1636222 1946764 1877512 982877 552775 483605 660962 727421 184477 461517 349321 103884 156480 27381 19007 96580
97
38072265 2416328 6145559 2092995 8043207 4563953 5453388 3571700 8022130 2460766 1360275 8621485 8623492 9357962 8198341 8070595 8298982 6047052 5253721 4748364 8896137 3787484 5715952 6428503 1266111 2074862 9506382 7895351 5560451 5813268 1236041 5291417 6048781 8037021 3086408 8331741 1960636 4917643 2767009 9669243 9731036 8031945 6097283 9874285 9247901 6427311 5843629 5283431 7617109 4346536 1207920 4277464 5011596 1283914 3693138 6333539 6714767 9366049 8621630 2204356 5530548 3419183 7479656 2421501 9241922 4897228 9075721 3467700 6003382 7193500 1783978 3556986 2669592 2251681 3582007 2604445 1195604 9003013 4167318 9599182 7215612 7853392 5828138 4266786 4931422 4842164 4261275 4633492 3552099 2393700 3954312 7346777 3337065 9986481 5373324 8777023 1415432 3645064
20
109581099 4557230 3670480 2963252 2284718 1402579 320748 757732 170126 287642 51300 149452 36963 33631 15883 25115 24785 27891 9968 13029 4077
78
372425761 7635246 1400664 3234057 9996481 6800296 1709541 1667731 2341661 1801128 4749268 4766754 5913097 1921607 4172893 4497066 2265370 7279264 3784406 5175746 1957118 2045824 4460708 2591135 3758150 4568558 8213713 8880338 4800663 3413015 7718853 8438961 1771983 6035614 3057866 9624428 8647788 5763772 2405343 1378304 6140123 8289931 7607538 1688092 8103128 6266420 8383377 1252818 3826297 5510665 5476081 3278898 3166964 9701105 2606706 4566138 9457265 3976727 5788285 6306412 8515655 5633688 4392514 6265316 9633525 5833613 7861500 2212272 6940586 6801586 1370689 1272948 9023945 5917555 6494217 1577973 7715182 8272971 7169967
20
97237058 1207290 2627381 1704040 352299 730228 179524 139316 190004 40116 82821 17565 17082 21392 3382 2458 642 2315 930 370 793
20
106664800 2207836 1130698 346240 54194 30331 41775 8570 9974 2175 1426 554 97 39 49 26 5 5 2 1 0
71
6753141 2734327 6744154 1276597 9584050 4160893 7979195 6929584 6993017 5177458 7430731 2770587 2737094 4575134 3514708 3734794 6001814 8054447 8710397 4605259 9423704 6377930 7783384 8292942 3842852 7004179 1262302 1800303 3305143 5558084 8052189 2138915 5556068 9964486 6317139 1085098 6549739 6604961 3025400 3773985 3192897 1311864 9434796 2123416 3115478 9158336 1197764 4063435 8820988 9654436 1232322 4737810 8565678 1452783 2845852 2009873 5111521 7804136 1220752 3351393 7701583 6117092 6354123 7934251 2723305 8813484 3285008 9256455 9759822 6556759 6585362 3238629
20
110155179 5769573 2200979 1310030 1504797 140026 102015 359871 143372 26061 53929 46036 24400 18657 8480 4028 3351 1684 482 367 248
89
9532591 3268430 8988300 9428060 3185090 1954549 8276388 5714629 9155454 9407676 9241446 3841404 6554751 7919634 8941140 4073691 1426720 4623055 7971388 1661990 7062292 5172293 8573296 4945374 1458661 2431243 2513901 2560517 3785034 5523906 5019941 7290282 1759762 6880232 1878940 2909186 2643335 1636718 1021088 4683816 1164520 2538921 6629468 3146399 3316772 9316168 6375281 9299065 5130192 3667856 9737865 8627094 4579778 2309712 8588376 8254121 2614297 3255026 7035703 7234335 5287022 2961949 7203587 5629167 7180465 1756688 8861562 6011092 1805627 6084915 7480609 5866192 8754250 9073843 7677949 1240712 3926363 5112796 8573230 9861849 8062392 7855224 8521320 4845518 6225781 1597082 2316666 2936474 7987269 8282484
20
87801334 514782 511259 155292 231085 85549 13460 7303 4037 358 436 213 135 42 19 8 0 0 0 0 0
20
113497914 3820477 1046756 83001 161298 79600 6545 22545 9865 2533 1918 690 85 56 34 21 8 5 1 1 0
52
7872931 2922679 1277751 2927095 8145777 9928071 7855980 8351036 2503711 5068730 6443017 9483516 2554433 7782728 1392956 3590322 8782035 7633707 1714294 4556800 7682746 2107398 6636453 5253723 7724212 5683344 9988969 7728670 1883844 1343477 3573307 8587018 9139096 7201068 9669918 8883340 1552439 3873400 1228805 8650521 1302422 4884708 4679545 1431064 1499912 8206250 7935705 1610796 8743444 4818579 7465185 4249507 9565784
79
6566256 6218497 1031465 6183471 5148976 3323172 9957431 9290398 6282538 9899786 8306248 6737598 8253346 8247549 1820302 6006273 4277793 7252797 2608507 2664638 2449410 5339003 7085120 9450194 8359521 2623076 1946571 8325799 1290033 2073539 1987112 1190789 4846539 2729068 4941507 5174822 9800333 6211994 6840005 1423038 3624183 9694116 2175525 8684714 9808945 2113339 1350609 3090947 8819562 5711933 7363548 1779818 8571218 3347635 2358909 5128013 3952402 4280794 3786910 7787161 7336335 9652192 6086448 7700158 4616161 1844000 2595680 1198573 3721767 7159360 7905907 8123414 1315358 4904027 9006084 9617825 7211432 5126521 4669806 1592160
56
4245228 3179264 1846550 3488907 3413414 6792503 4340472 1516454 5445658 9807346 1250747 4578655 5805384 3044840 6529919 7968811 6019408 9543705 3092870 1274029 4548385 7035667 5426375 4370125 2591664 6137746 2410776 9160265 1596914 6063475 7262521 9599507 5872302 5065623 7618780 8019336 6093822 4452572 9467004 9635273 5697562 1865281 3702814 2150514 8334898 9703952 6613599 1497678 7495835 6144692 9260501 5603509 7413161 8785405 3991612 9603320 2966408
96
9386786 6376412 7293806 6287810 8988031 1665980 5861461 2075236 4602127 3339284 3561067 4510444 3302078 6552737 6798304 4209804 9761810 3343317 7181005 2757955 3252933 5544729 8676964 1294880 8684365 1263347 8247279 1429474 2415429 3992599 9226777 4260626 8226153 7764471 9639927 4948451 3767172 9996437 8007100 7650072 3314128 8071102 6884660 7715646 9054816 5955675 7775277 2951796 2096645 2943448 3879600 9857546 8501166 6735349 4840639 7502334 7455745 7635677 5440978 2192619 1593725 2046576 6776156 1858260 4690746 6120105 1803018 8752318 8739628 4501561 4617833 6056203 5107977 4067585 5969398 3636690 5980550 1101271 6648169 5320306 1454476 2305687 8899713 6508945 9699277 4636731 8316639 4587438 1196785 4856226 8476635 1058629 1258510 3909251 3792136 4001343 8060419
56
11059669 8335330 7168009 4029573 5290091 4955470 4142888 1545748 7816359 4813556 8898787 6277084 5374640 8776770 2579597 3559411 6430245 2980019 7717387 2163607 7387746 7888223 7685473 7945063 3805792 6260550 2744657 6150903 1695539 3229083 4032425 5268610 1975963 3503190 6154229 6550577 1643778 8550656 8415887 6084915 8037033 3844575 5240388 6684065 3312849 9398238 4350957 6315990 1976565 6116777 5340295 9727697 4764395 1831476 3116151 6289398 5876566
20
108302075 2411717 985656 826160 320735 186091 82474 22241 14967 7706 862 1601 618 236 164 14 8 24 11 1 1
20
105290511 7057832 1643696 2681241 857001 1265680 1371837 806752 74175 106071 136545 250764 155095 51107 22414 24168 30237 24973 22647 7275 2061
52
54474436 7989913 9780601 1063758 2473823 3972016 6115031 6439626 6389738 5553596 4470067 8610762 8932186 9182726 1235929 7959514 6324631 2752132 1924975 9843007 7159968 2625136 8361021 3261181 5461936 1830529 2220310 4529806 1286069 6195736 4640095 9395824 9773406 7759833 5460235 6534556 8555327 9726845 7372533 8478320 8508266 8276932 5889150 9291568 8443124 8058945 4304483 8273188 2976094 1729204 9205670 7898931 2722007
20
66950289 2387009 1053553 113574 52316 32577 8274 686 1049 121 43 54 5 3 0 0 0 0 0 0 0
20
110879220 2472914 993679 438047 203865 51589 137633 71543 30794 13548 3177 3848 300 216 471 77 85 8 23 16 5
20
60484771 2296956 455134 274379 65996 10213 1554 1123 133 34 70 10 4 3 0 0 0 0 0 0 0
20
112210984 5125133 1962578 943108 516358 224557 24953 81375 21353 22275 7981 3635 3464 1032 840 159 71 28 57 10 17
20
105360393 1541849 3305225 1741888 2156027 240706 529207 435504 368019 258395 179616 276767 55574 126783 50297 61657 14412 25979 3590 20523 11281
69
24749293 5597267 3847884 4805658 5640069 6826944 3734087 8615559 4003273 1024240 9580763 7750791 2149448 1284759 6690627 9208962 6608945 8430827 3949523 2238110 8929214 6209280 1914727 3478422 1840145 7836287 3511895 5134011 6162706 9911301 3119403 6416525 8824018 3854691 3268637 6066552 7603906 4678342 1543445 1247336 9714460 8857709 4472843 3461698 6153564 3688917 2788136 5798787 9811258 2115855 6212721 7078168 6120363 6600734 7079674 4926636 8263473 7346554 6627788 8812394 2508810 9540497 4011587 5422833 9588910 5511702 9965173 6351345 9199385 7219112
20
101250735 1206835 1327422 348239 588068 161398 62569 99708 34181 21030 7976 8540 2041 3127 813 532 229 269 56 33 14
20
107684725 4005629 473207 282676 498700 233341 539529 250564 137222 84718 48139 41171 9133 14242 7212 2580 3801 1357 1058 638 309
20
41232446 1591753 207408 43684 5724 3468 869 43 5 0 0 0 0 0 0 0 0 0 0 0 0
75
9889744 9425534 3359973 9265202 3512438 4614277 7638883 7630039 1573908 7302715 5734096 8164988 9296219 7120037 9144557 1086668 9358640 9827613 4189378 5887030 8101583 1502017 9718159 3158422 8201615 5002786 9770375 7220899 4574296 9414910 9976870 9280597 5820831 2140106 9626846 2393287 6761668 7572803 6171707 4302068 1669053 6346178 5151939 7919713 2226332 7947376 1814519 7199262 5724206 4814506 7000589 9911279 3910389 5231334 4337349 1675028 7923364 8221155 2001175 6100413 4865861 5152623 8431667 2212010 7966815 4861350 9074333 5380275 8063791 3244095 1693636 3218748 1980201 2856949 1924829 9428347
96
61974671 5859931 6578666 4956058 7319799 2721784 1632997 7228230 7903054 1757783 7537155 9528594 2437194 6453889 7610214 1900471 2975607 9326044 2777569 9302733 7061798 9951912 6637593 6320189 4615065 8542939 6852476 8420280 7652421 8553392 7966137 4706936 2630291 2701517 9423898 5636627 6786879 9219462 9288865 2165559 1046934 4709743 1914705 4051069 3106940 2682643 4092036 3159314 1574737 2375327 6362847 1629163 8655084 2465478 6973688 3710670 3340470 6455401 8789585 4717072 6593924 8000556 4464406 3420074 5088828 1616882 8521403 9961615 4007080 2414276 7537251 4203645 8428618 5348937 5442071 1149038 4452773 8113562 9908743 3148829 8400135 2124462 7693097 7892209 3096798 6788814 1759380 7381152 3161389 9566006 9938076 7168922 6221310 1047427 7214482 5356951 5755557
63
9203991 6632345 8253788 1488610 2405357 3356295 7111614 5577561 2808875 3520433 7955419 1639700 1965980 3496245 8709608 4346314 9875930 1882188 7231317 3451010 2998072 2041187 9160231 6146239 6165437 9109320 8527302 7247485 9379757 7984220 1617415 1463331 3239622 9735988 7994699 9998291 7282560 5583147 7662685 7357350 7699875 8466216 4456321 8931296 4663439 8949882 1878925 3146408 2596601 5278049 4301824 4305135 1616694 2703600 6586854 7331403 6506704 1529406 6137260 1418136 5094449 9832769 1371145 7551448
20
102298554 3366430 8548214 2683405 3599949 4681261 1566492 2224508 4641731 3384967 1284557 4300552 2726006 834882 477645 3771229 1839812 2891792 880259 1528774 1807309
54
15674735 1143043 8707562 4932454 8904456 8586802 5331512 3598250 9384192 5612816 2067257 9676621 3613683 3539787 3873218 3385169 5775239 8008739 1282860 4377942 1465866 6683834 9033952 9411711 1387008 4170310 7543567 3409642 8170186 9493535 3941196 9060181 8144227 6841782 7802922 6945548 4867156 2050450 9652160 2088516 3371447 7300673 4431958 1472882 2337939 1225848 4599260 4173159 8202007 6768534 3136135 5606581 8129161 9580786 2317149
20
128095553 4828339 1057828 1045520 437885 60610 153725 77041 29106 14812 2926 3496 417 697 368 325 162 42 35 17 2
20
121489200 2889621 4318110 2515055 514733 436967 756707 806126 260598 217802 80998 145411 107223 13513 63753 29055 18700 17988 8304 8262 6964
20
107043341 3316926 1437045 462908 536720 611572 42908 99652 27550 50482 6060 12884 9797 5871 2313 1754 971 433 188 100 118
52
31258554 4785216 2488695 4628897 5244725 3496163 8454717 4789546 1372774 1568320 3051075 5829587 3357317 2489509 5587423 5850272 2501349 3479075 3436385 4898539 1400281 7726526 1090691 5089573 4389172 4646169 2910618 6363497 6738933 2505429 9418294 9312314 2794287 5746745 3275552 2688873 2674887 8628707 4436452 6226323 6067724 8883481 6849489 3975293 8918665 3815130 9555179 1400990 5664021 9660228 3482581 2578553 7203255
20
119936000 3889920 4022242 661110 2540982 1531733 1058629 1194257 123938 707653 288849 338496 224726 119091 89848 65093 87125 40188 34360 10309 9507
20
70735854 2551896 826382 247117 83322 33704 3273 1778 869 270 37 41 17 1 1 0 0 0 0 0 0
20
127755515 5589209 3204792 2449059 1028568 904517 537956 279868 146466 26124 79081 41745 39424 4391 12330 4461 6417 3541 1877 1321 552
20
101711902 7237239 6807071 2806575 1536225 3427244 2481761 786929 3932150 930636 930440 1130274 1127610 1135042 1496658 1511070 455661 637894 849589 552552 480793
20
118517536 5494983 1073349 1628762 318738 463912 130124 125210 82546 25021 21862 15731 6386 5307 2447 2289 354 678 514 158 138
20
124706056 5170930 1841913 495646 231705 330165 291986 162131 50349 37578 22579 9535 6378 4599 1625 158 423 349 141 31 44
98
42252968 2546401 6163443 5329730 2716363 7268058 4083193 7397023 2257527 3321440 4063189 7760505 6754195 6595079 2311320 3609300 7734884 2017783 9637896 9801082 8318399 8204727 5249067 7620553 5170235 6365707 9045404 6404692 8378247 1486366 1366338 1710466 8861556 2604108 6927545 8423988 3501700 6129616 5840309 6911958 4893477 5877646 6753871 6725096 5688003 2812477 8824154 9390305 8068917 8528860 3721468 9690993 8478535 9169667 9611742 6604159 8124238 4865323 8461323 8217531 3634978 7077907 1488221 7165656 5813837 9226807 1057191 4556147 7226099 8176033 1815921 8959620 6076984 6265120 9100851 7347399 2339309 7468164 9740873 8515505 1954001 1170754 6889352 9364544 2738128 1227490 7368366 5815688 1186577 2299054 7834830 3482022 9701102 5020295 1262393 1314673 6807965 7381923 2640025
67
14771346 4517016 4863702 4145247 9598683 3425513 8066049 9708342 1502023 1185337 9374342 2035697 2376181 1453448 3667910 5030798 2399430 2464361 3868900 9024029 4268869 2770281 2629147 2042628 1506573 3166132 3575742 2932756 3460164 3187137 5560700 6992597 5394119 6364876 2166643 6251006 7552327 2957430 2733812 8919888 1791297 5903047 5727475 5198653 1725067 5548418 7418432 6081668 4792088 3593241 3666802 2747844 2395682 9994482 2384042 3857870 7300631 7140896 6618960 4690327 8382788 3656722 3323736 4902516 3073694 6921430 9698128 9475348
80
12416499 2309717 5662873 7701245 3891488 1834472 3854036 3630343 9416447 7191905 4686640 2177408 7682699 8028411 8230712 8319024 5962785 1157826 9346261 4213680 1068040 1351329 7371228 1126071 6237616 4507574 1179967 7845398 3728838 2916610 4764260 4306040 3814421 5139140 2204251 7241089 8551137 8554859 7590756 4798771 3836758 2192750 9135527 3267348 4610321 9297846 8371979 9583754 1893319 2683599 5044428 3094303 1708865 6790561 9293610 8357741 6536471 2985550 7072568 6897298 6934824 5216952 8316160 7741721 7664180 3373910 2366800 5293459 5455571 4622634 4926988 6459110 1268530 2307091 5996028 6924072 1047408 6258715 1482423 6695877 8070369
20
63850867 1766158 266794 133053 78166 26823 12425 2995 849 258 19 8 9 0 0 0 0 0 0 0 0
61
38369883 1776654 5399653 5586925 7346217 4417219 8470616 9458171 6296925 9068153 5531131 6199483 1308725 4275234 5013151 2696485 7438213 9734114 5772855 2932602 7239977 5514445 8802758 4075773 1513202 1478070 1782034 4931077 9355052 7038033 1656084 6298069 1605377 9065633 7091720 4158312 2220855 4120334 1726919 9968261 3138741 3024659 9533479 4723072 6726358 1725856 1430226 9301593 5957012 1140840 1504283 1877418 4045058 6601601 3934120 5659997 2690978 2492933 8895174 4218459 7521450 9413658
20
120243209 4100447 2374034 1585823 452221 330321 270033 104250 83603 36361 8217 16413 9309 2960 1784 585 200 184 232 162 117
78
16277720 6786848 6678248 7741530 4872959 2919376 8704918 5895472 9706818 6478239 9492621 7459993 2529920 5476532 8207354 7207279 7600171 3554747 5813424 6236394 8693939 1000478 1143346 6447746 5377116 8092806 4330775 3011319 7109519 2779840 1448456 8656116 9125069 3808508 8792541 1962254 1762879 9009400 5195557 7767006 8886359 8875381 3086782 3683985 4070799 3446862 3401457 4246064 1451769 8986418 9527204 1481763 1322384 8633626 1996129 8194462 6023441 1563990 7350849 6155327 4512560 4132714 3090484 8927847 6780230 3320808 6521413 9304808 6744685 9216569 5318640 7508260 9098026 3787741 1862102 4441919 6288532 6180208 6641863
20
106245949 7411587 2916945 4488065 2642765 929873 3375523 2220088 3812693 5420132 1349970 6724912 2780019 6543249 2892310 4359361 4469713 3004730 2175921 3451734 3697850
100
9759350 8562095 2322001 8331076 3047832 2870251 6330465 8044036 4657470 5129569 7224692 4275084 1283822 8933066 1909400 6158907 9139800 4872186 6395973 9803033 3231627 1057004 9606608 1062460 8393886 5809054 6192350 8457628 7084998 9157219 8620296 3233251 3674171 5412565 6407342 7265236 7090211 3431229 4737373 5155159 5461143 1428790 4741081 4167074 3450374 3714059 1535843 9033874 8284332 4079854 6420354 5571088 4735445 4895084 4177867 4816475 5105636 1361900 9174700 8024061 5600088 1729207 2038488 7308875 1535406 2416652 8396423 4316576 4559464 6813873 8456608 3083382 9195346 7402354 8813382 1483112 4262505 2020521 7885784 4812536 4271828 2052941 2853640 2478821 5933908 3663382 4437336 2216759 4653096 3222436 6508798 1298602 7489984 9561311 1079684 1973801 2066800 9476106 1291272 3655512 2523155
83
8481810 7739150 2901200 6098339 2357660 8724169 7465725 6115412 7283961 8625385 6406194 2950131 8632987 8817814 7898083 7492768 5875025 2721948 5753116 6169201 5281064 6269864 3819760 8117137 5980704 7024057 5634438 3556519 9790152 7059555 5872282 6031815 8667736 4707326 2584226 6300280 8464255 2923040 4092492 5294369 5629237 3498504 7864672 3019019 1203393 5104971 8896294 2579115 7984287 5463541 9765339 2350305 1875559 9913685 1994793 4246970 3658523 6817103 7326481 4930804 4184926 7427543 1195080 6998559 7414439 9266566 2957769 7932619 7563693 6964148 6623341 8929183 4658953 2141467 8942826 2723231 4247828 7540444 3406256 1376176 1623296 2479127 1505316 1196323
20
94853578 2863038 2832813 1498207 1985228 1332736 1338786 764868 1243218 417356 486258 76115 330462 65297 97354 144514 175157 136432 34657 18520 13667
77
5578585 1383307 5868990 1914626 9628190 5747380 5571557 5526666 2163416 3021174 1132592 8942825 9985908 7131712 6423450 1208601 1101534 9570448 5428577 7633834 7084123 9633580 1344939 8886699 2738517 9276392 3598884 5474390 4004363 3410189 6303169 1200742 2019811 8411387 1412429 8553002 2215196 4158084 2756922 3599284 3097266 9260672 6759458 9787780 5378652 1748282 1011972 2863772 2691730 8435500 8299363 7116914 5261622 7690432 6308478 2832056 6178948 5683010 7595240 5550286 6466979 4435077 3695871 5636774 4235119 8236800 4117307 1680323 8359851 3234414 5012996 2245638 3111115 8471804 4268062 9730052 3285180 5757072
65
28158226 1573610 3308270 2445139 8520252 9224747 9471016 1534987 5762258 9819215 2020189 5661128 2436781 8634070 4283521 5556886 5104337 2387197 3544944 2660390 3317558 3343233 4790496 6450628 1077720 2151432 8253807 6599894 1901865 5537738 6230003 9550033 3203627 2965726 5813679 3205888 1476092 9935761 9092522 5312491 5504598 1822151 1008134 1322256 2547938 9317619 2017828 6476893 9841767 7752972 4828176 9028368 8401062 6786738 9696062 3835893 8702666 7580273 7619114 8199249 3848546 7741345 4226737 4401341 9748879 8739867
20
115470622 6279950 5063762 3063770 1886206 1038554 794820 693696 276684 436385 88475 173202 233318 110295 144863 112472 25808 20006 29244 25915 13084
20
121049055 4084284 2550277 4367275 2524273 1734367 499786 704695 374151 1165241 1106330 888365 466002 454433 312037 257375 104225 105110 198442 137916 55420
20
56630415 2379636 138915 43090 21269 4669 230 460 61 24 6 0 0 0 0 0 0 0 0 0 0
20
132598283 6935656 2711893 1567130 1098363 870649 1033243 913817 472805 357287 296272 289820 221354 111109 112233 22988 42814 49445 25562 17703 15203
20
89266968 753082 3099998 666704 1713001 274933 93281 326058 392643 252903 84220 24702 71966 7781 12881 16220 2202 2869 4122 548 1332
