100
2
200 100 100
2
1000000000 1000000000 1000000000
2
1000000000 100 1
2
250000001 0 1000000000
1
7623329 5238461
2
4385947 2940469 8891646
1
9387235 6241711
1
6521316 7438484
2
9377615 5824823 2347727
1
5221403 6664391
1
3262675 3078350
2
9351619 5763071 4967460
1
5359834 5628866
1
6107913 6669338
1
1121820 1617917
2
3094776 2546246 1181527
2
16700211 6529801 3812034
1
2768605 4634521
2
4498195 4808325 4800064
1
5108759 3690538
2
14191872 3395616 3090900
2
7082499 7706826 4739753
2
3165585 2877255 2604322
2
9411611 1474213 7901670
2
3773819 1813506 8498361
2
9290796 962983 212027
1
9082520 2724420
1
5449637 4450081
1
5909648 4517095
2
12428663 9832759 8764459
1
2502438 4299652
2
8448404 718931 2065595
1
6096941 8586054
1
9094474 9701113
1
9015850 5124314
1
4502806 5163795
2
5922988 3895815 8824417
1
5819043 9002226
2
4864952 804997 378207
1
722806 1229828
2
10981463 1224006 1331911
2
5768389 4414643 9687196
1
8045142 7959752
1
5213858 9261811
2
15223943 2854768 631078
2
3977590 2754895 5892835
2
9902490 2275180 1800986
1
9817059 5852099
1
3150844 2194378
1
1127456 578927
1
2001891 3009667
2
11868495 7828427 1744415
2
11034745 7263905 4212972
2
16468894 8862291 7881673
1
5435946 1319095
1
4168651 6947711
1
2947893 2343965
2
5279704 4954678 1712993
2
9807035 1837344 1614242
2
8341072 2936485 6067689
2
9842420 1734048 1177664
2
13555022 3155073 2099665
2
10509155 4414106 488755
2
9257676 694362 592950
1
2661779 2430393
1
9565831 2733692
2
11652779 2850521 2732913
1
3557602 4007947
1
9912549 9429697
2
6132517 6344343 5601061
1
5604753 2040088
1
9186299 7229455
2
9619424 7200151 4170075
1
1015288 672694
2
8144810 346380 265149
1
3629280 2391802
1
4208081 7320718
2
10374028 3360933 8366530
2
15092761 7347638 4602525
2
15751354 3125141 1127737
1
7134677 4456946
2
4099402 3326712 4035025
2
5564670 3769571 4211516
1
7813021 2989793
1
4568325 5445747
1
3328432 5870779
1
7993097 7159535
2
2181207 2398464 1545153
2
4577241 3244471 4432967
1
3745162 4113634
2
3755444 725745 1035465
1
5990873 4796525
2
6825686 1883767 997321
2
11165141 2187805 5820027
1
1953368 2695302
1
1897182 1902823
1
9113280 4004444
1
2258150 3379132
2
15378765 7775934 3823361
2
11436980 8376129 6534825
