100
2
200 100 100
2
1000000000 1000000000 1000000000
2
1000000000 100 1
2
250000001 0 1000000000
2
11545697 1420507 373654
1
2410212 3397324
1
7131381 1681764
1
3796425 4581011
2
9937169 5776847 6008092
1
3251014 699179
2
3292120 2965665 1813936
1
3426663 1960501
2
14510467 2783530 914263
2
11121218 6794778 6503197
1
1730431 2831411
2
7066478 8980136 5981061
1
5296508 3297426
2
3555525 1432737 8120861
1
1809307 531644
1
1252096 627890
1
3286976 2432192
1
6216241 2283256
1
2480401 3776272
1
7850995 4757473
2
13564181 7820494 6512432
1
3346288 2186474
2
6528360 7480051 6130478
2
12213172 5924646 9508047
1
9098227 4958983
2
4230016 2923826 6147516
1
4347042 1881906
1
6292154 3625761
2
9561857 8219046 8038288
1
6413984 4723206
1
4438353 1230455
1
1425456 1199460
1
7969114 1700996
1
848026 1146644
2
6661537 1701819 2830285
2
13640291 9357096 8696168
2
14960976 8841484 6786886
1
2045347 1576953
1
1430945 1631403
1
2842166 4628380
2
4557671 1690264 1548777
2
6959395 4939557 9197862
2
7647866 6658817 8660003
1
4759214 4153503
2
7784659 6100345 7634827
1
1890339 1130860
2
3864641 1849082 3020963
2
4049775 3573723 4274956
2
6980362 4405460 8360267
2
7900621 8908575 1558298
1
6409457 7605487
2
12208235 5602738 8371299
2
16707951 6840515 6244331
1
988439 1657445
2
8361452 4946509 5800806
1
2480846 3251479
1
2933146 4667490
1
8876165 9914908
1
7737068 6720525
1
9158286 9893666
1
3070061 1131431
2
6139471 3505266 5401202
1
3437506 6168532
1
7563742 2750607
2
8122311 7023267 5106968
2
5864322 7463982 1655228
2
4173875 3300503 3919411
2
18131879 5315196 2363659
1
4013180 1892705
1
8613573 2002703
2
7898119 7147413 8440260
1
6185069 1937286
2
7072607 5099005 2715985
2
5315143 3026394 5063803
1
3997528 3330828
2
3085868 4508355 1510345
2
14151133 4319975 3513862
1
2903817 3597675
2
14124452 2534436 3207290
2
7236189 6845918 7079062
1
4608109 6141883
2
3030062 3873213 1368241
2
12425339 1483619 1659781
2
5330808 1290817 110022
2
13093724 2334987 1345241
1
773698 1219546
2
11442122 2471822 2128625
2
14231125 5023152 4380179
2
12214147 7621889 1389262
1
5891336 3247979
2
5546447 5642331 7527638
2
11368125 2514955 2863878
2
8732021 4960128 1510973
1
2737922 3143277
1
6720728 3126298
1
5993582 7579844
