100
783 406
1829 1679
1822 710
1622 20
1893 1647
1075 928
1718 1307
1379 149
1038 986
1978 1952
1744 92
1358 1171
1053 331
166 151
1936 1580
1859 186
1697 1357
1710 1370
1502 1383
1665 1645
1833 1420
1519 11
1213 759
1384 450
260 97
500 271
1597 22
1406 158
1490 1223
1315 1163
1720 148
1123 882
838 376
1968 1758
1657 365
1525 1306
1177 317
1542 1126
1837 240
1408 458
1803 1329
1579 921
1659 1233
676 544
1219 400
1445 134
2 1
1854 1264
1010 901
1720 63
1964 995
1880 1461
747 455
1839 936
1214 955
1934 106
1120 342
1733 1618
993 866
1097 90
1727 1468
1537 720
821 248
2000 1
2000 0
1560 25
1511 281
754 52
1 0
1457 420
1591 377
1861 1294
1043 619
1900 369
861 687
1105 217
1870 972
811 92
1114 294
618 398
708 482
1393 749
1576 855
579 226
1770 1486
1569 1205
1562 434
1290 875
595 547
2000 1999
1099 851
444 296
593 530
1740 229
1558 1094
1311 351
53 51
1055 46
1617 1121
1329 1143
