100
10 89 9321
698 1682 3
850 1566 4
924 1051 2
560 1526 3
76 754 7
434 1361 7
663 713 3
980 1128 8
326 611 4
497 673 3
8 97 6997
345 1328 9
373 699 4
465 659 4
526 941 8
750 1290 6
707 1169 2
117 841 3
929 1463 8
7 95 7852
742 1038 6
651 1030 9
845 1740 3
779 869 3
867 1363 8
971 1428 9
94 682 6
9 91 7858
140 490 3
829 1772 5
424 1266 1
110 1080 6
626 1023 1
500 720 3
306 1301 2
613 862 7
602 1238 5
8 94 7362
512 850 6
318 652 8
905 1899 6
581 865 8
107 961 6
331 461 7
935 991 4
860 1661 9
9 88 8264
102 675 4
225 563 4
686 1671 8
29 661 8
822 1463 3
741 1099 1
111 418 7
55 121 1
932 1791 4
8 96 7264
724 1438 2
280 843 2
414 1377 4
376 1081 3
530 772 2
323 990 9
314 402 7
136 927 9
10 86 8133
811 1603 8
947 1941 5
205 440 1
384 1324 7
279 354 6
896 1052 2
909 1285 4
931 1139 7
2 462 7
71 865 2
8 94 6747
873 1034 5
992 1036 4
967 1764 4
964 1627 5
30 1016 9
865 1612 9
590 655 4
446 1160 9
7 95 6701
616 910 1
395 1421 2
944 1490 6
999 1480 5
875 1080 10
1042 1090 8
130 588 2
10 99 7412
949 1888 2
846 1371 4
114 1011 3
60 578 7
375 1321 7
448 854 9
817 867 3
873 1760 2
627 740 1
116 230 2
8 81 7529
355 979 1
682 1509 1
343 1055 6
730 781 1
191 532 1
988 1402 6
867 1326 5
360 810 5
8 82 7084
835 1130 8
806 1492 1
901 1895 2
160 247 6
665 1020 7
161 165 4
586 1213 1
21 351 5
10 84 8776
515 785 8
77 605 8
640 1011 8
648 1167 8
667 1430 7
111 381 8
246 380 8
546 1199 2
977 1628 8
628 1236 8
9 95 7837
1037 2519 6
566 1312 6
806 1573 10
135 1461 3
1505 2791 1
164 1189 1
191 1259 14
1178 2762 11
1007 1265 3
10 96 7492
398 1325 2
467 892 7
264 997 2
320 773 9
773 1372 6
537 855 5
99 888 2
500 997 3
4 270 8
243 993 2
9 97 7552
244 878 7
30 290 2
334 1076 8
771 774 4
669 1024 9
999 1133 9
476 671 4
858 1354 7
319 1083 5
10 98 8862
728 732 7
386 516 6
518 1378 2
765 1579 1
783 1410 2
867 1382 8
669 1532 4
898 1380 4
941 1195 1
272 1168 6
10 96 8150
31 896 4
744 749 7
869 902 5
826 1305 9
870 995 8
702 1301 4
161 317 5
585 1184 3
449 1114 1
828 957 8
8 81 7867
251 1010 5
571 923 1
356 788 1
810 1177 5
172 197 3
868 1675 1
620 1152 2
983 1566 8
10 86 9968
51 350 3
824 1586 7
950 1100 5
985 1546 5
637 1558 8
771 1143 6
961 1778 4
933 1135 4
817 1705 2
76 778 4
3 11 14
1 3 4
5 5 3
2 6 5
4 82 8150
192 937 1
231 898 4
231 379 8
13 714 4
8 96 6780
493 1089 4
174 638 2
984 1643 4
197 1075 4
893 1438 2
446 1303 9
893 1184 3
771 1134 8
8 83 6737
222 624 8
348 831 1
206 359 8
888 1781 5
309 740 3
449 1329 7
477 1372 7
619 1392 7
9 88 6967
360 1233 6
465 485 4
526 662 8
384 939 2
102 296 2
899 1486 4
743 1521 2
538 646 2
151 442 3
8 89 6897
351 794 7
214 989 8
309 781 8
190 1008 4
958 1630 7
160 325 5
550 1133 2
68 761 5
9 96 8068
699 1582 3
886 1321 9
115 556 2
217 370 4
43 916 8
654 1640 8
171 248 9
235 765 1
887 1048 7
10 86 8191
518 592 7
582 1566 8
562 643 8
857 1119 5
505 1329 2
99 1079 7
361 872 7
711 815 8
852 1064 8
533 912 6
10 90 7821
128 898 3
520 957 4
203 1030 7
242 632 3
706 992 6
784 1756 1
730 1668 2
869 1839 3
481 1385 9
900 1046 3
6 96 9762
1675 3698 13
759 2238 16
1164 2096 23
2254 2660 6
1983 2649 15
329 1609 9
9 90 7536
414 848 3
983 1869 7
939 1021 6
369 1204 1
830 959 1
53 852 8
581 1270 5
811 1698 1
712 1193 1
2 82 7969
1347 2980 7
683 2049 3
10 100 8724
559 1172 3
547 653 7
774 844 9
277 309 4
93 369 5
843 1413 8
702 732 4
249 451 10
919 1861 8
410 924 7
8 92 7477
68 635 9
370 1089 8
471 1223 1
845 1569 9
387 956 2
452 1315 1
210 344 4
662 794 6
7 83 6773
775 1564 4
878 1694 3
546 1529 2
820 1699 8
661 1108 1
480 1105 4
741 1109 6
10 96 6720
760 1293 2
361 1206 6
736 846 9
559 893 1
27 808 2
896 1090 3
398 1135 2
266 1002 6
401 632 1
322 1237 1
3 8 6
3 5 2
4 4 3
1 2 5
9 88 7163
194 747 5
183 994 4
530 1005 5
340 904 5
646 1543 7
778 1267 7
824 863 5
996 1861 3
189 827 2
10 94 8166
670 977 1
577 833 7
568 943 7
149 1080 6
109 627 2
13 859 8
390 851 4
9 580 1
400 928 9
741 1268 3
6 96 7175
65 1336 3
605 1208 12
602 2553 10
1975 2535 15
261 1715 17
1762 3184 11
9 84 7499
394 681 5
996 1401 5
594 1346 5
1 448 3
333 1235 1
268 904 6
675 800 4
103 920 2
606 888 5
7 93 9019
905 1888 3
852 1542 6
446 945 5
740 1596 4
975 1470 7
421 919 7
526 884 5
7 90 8609
81 1213 9
1198 2048 3
168 196 2
1122 1963 10
672 1594 6
474 1218 11
964 1448 8
9 89 7228
439 510 2
765 1609 4
648 1175 6
295 1226 8
10 527 2
366 1012 7
597 702 3
760 1307 1
793 1093 6
10 85 9010
797 1449 4
833 1550 4
208 1019 1
952 1413 1
223 880 4
233 1020 3
354 359 5
643 1618 6
454 522 7
163 386 3
2 82 7411
1060 1922 5
237 268 3
1 10 10
6 54 4
10 89 7954
478 965 6
719 1235 8
513 541 4
366 883 2
652 1049 1
489 1137 1
994 1486 7
248 429 1
971 1273 2
550 815 5
1 10 10
14 54 8
9 95 8672
20 1723 26
2096 2973 20
1602 4019 18
1406 4279 21
2977 5572 21
310 3075 8
2626 4519 19
652 2622 26
221 1115 14
9 85 7723
415 1304 3
531 1252 7
402 1164 8
867 1715 6
324 582 3
409 963 4
967 1350 6
298 1228 1
986 1005 2
10 99 8359
302 965 7
420 460 9
668 976 4
39 809 5
212 1132 9
545 910 6
687 1408 1
614 1011 2
33 689 2
583 1280 6
8 85 9324
985 1271 7
866 927 8
471 611 6
997 1949 5
739 1156 8
967 1841 5
327 1154 7
994 1834 7
10 90 9656
351 785 7
975 1936 1
333 1155 6
496 1180 3
610 1396 7
395 1012 4
616 1181 8
687 1048 5
376 1320 8
815 909 3
3 95 9796
1361 2390 6
169 927 13
341 596 7
2 86 7471
2092 4040 10
3061 3839 41
8 92 6873
988 1894 3
847 1576 1
953 1846 9
139 541 5
675 1385 9
573 1439 1
722 1413 5
200 871 7
9 97 6736
589 1580 8
141 182 3
677 1390 1
447 898 8
295 381 9
475 843 7
206 275 3
443 510 6
715 1556 9
9 90 8305
234 1046 2
733 1057 4
902 943 4
463 1156 2
215 396 4
357 883 3
765 1539 4
311 1055 7
251 896 4
8 100 6997
868 1071 2
844 1620 9
220 344 3
668 997 7
960 1528 2
83 312 5
73 750 9
87 592 1
10 91 7070
735 1382 2
271 289 5
292 1243 9
326 1171 3
712 968 8
945 1208 2
329 442 4
3 858 5
344 1247 4
925 1698 6
9 84 7766
63 489 6
498 524 5
480 1132 4
919 1371 5
366 417 3
536 651 7
727 1565 1
576 1198 6
650 939 8
10 100 7005
628 1323 5
619 1603 4
715 1597 10
257 686 6
702 1682 7
134 685 7
692 846 9
419 453 5
780 1555 10
251 1066 8
4 82 7769
1632 1713 1
263 1911 14
542 1898 3
1313 2786 2
9 97 9911
447 1214 6
944 1509 7
10 467 2
304 531 2
628 1439 4
809 1562 6
466 1292 6
719 977 3
789 1691 7
10 100 9687
487 703 4
662 1113 4
444 1411 8
859 1314 9
294 778 9
327 410 4
93 1022 10
722 1186 9
173 1009 10
482 871 3
2 85 9395
9039 9050 7
8579 10000 45
9 90 8641
815 970 3
923 1615 6
130 534 3
554 1463 8
635 1071 8
292 807 4
345 700 9
379 1004 9
339 495 2
9 90 6891
578 1385 4
716 1697 4
724 797 3
379 914 8
491 1080 6
502 1022 9
814 1186 8
261 545 6
281 959 3
9 83 7213
720 879 6
161 456 2
795 1539 5
337 815 5
405 1271 3
180 364 4
162 462 7
935 1355 1
757 1681 5
10 85 7443
772 1276 1
177 585 8
181 966 8
54 739 8
991 1876 2
817 1548 5
460 1051 3
621 647 5
834 1779 8
643 763 6
10 100 10000
305 864 11
108 422 1
289 543 15
577 846 2
453 887 4
41 269 15
235 401 10
71 443 16
120 197 2
154 472 18
10 90 7694
662 828 9
632 1388 2
130 269 1
247 730 6
256 896 3
220 1031 7
532 780 4
788 803 9
913 1708 8
784 1609 6
10 85 8907
368 871 4
149 648 3
289 733 8
547 1343 8
195 323 7
552 1300 5
571 993 1
604 1480 7
880 1713 8
742 1570 2
9 97 8557
758 1394 6
362 951 1
717 728 4
985 1574 1
954 1685 6
219 311 7
326 866 5
107 367 1
285 939 1
1 95 9688
2258 2800 27
7 93 6726
439 1151 9
217 1019 8
535 1269 1
667 848 7
876 1474 4
619 941 6
571 1564 3
10 85 9281
866 1223 2
617 1012 2
682 689 6
16 478 8
259 402 1
15 842 6
791 1704 3
864 989 6
570 1239 5
971 1296 4
8 90 8341
63 1043 9
653 1088 5
620 1546 3
752 1666 7
819 1806 7
579 1361 7
30 604 6
350 1093 2
8 82 8402
346 692 4
638 1208 7
172 733 8
779 1306 4
796 1638 2
366 1237 1
193 280 4
927 1603 7
7 82 8243
155 1491 8
195 1393 3
1159 2586 1
231 1142 10
273 949 2
1263 2256 8
1063 1744 11
10 89 8720
385 431 12
289 1493 2
249 1555 1
1028 1050 12
921 2205 8
468 1259 6
821 2236 7
1108 2525 3
20 29 11
727 847 5
9 86 7310
917 1205 8
281 899 8
629 773 1
45 907 3
941 1884 8
803 1194 5
343 1291 5
811 1591 6
681 1573 6
1 10 10
5 9 5
9 98 7769
952 1895 8
283 993 7
428 1299 9
311 534 4
903 1208 9
664 1393 2
229 380 4
929 1836 6
546 1344 7
10 85 7625
757 1380 5
627 1099 7
492 713 6
207 1164 4
592 1120 1
87 969 4
455 925 7
924 1182 5
703 1046 2
754 1244 8
7 89 7029
872 1313 7
614 1514 4
333 987 3
352 589 5
150 749 4
244 899 3
778 1430 7
10 96 7525
976 1849 9
972 1451 1
479 780 5
167 1082 1
143 686 9
587 835 6
672 1333 9
999 1891 8
490 1135 2
502 1152 8
10 83 8946
610 1561 7
385 851 4
913 998 5
619 1022 3
831 1084 8
148 448 1
764 1445 6
68 652 3
640 1025 7
42 856 6
5 89 9553
1230 2042 10
1073 1081 10
990 1621 11
943 1640 8
1185 1259 6
8 83 8043
153 778 6
682 1521 6
620 1270 7
846 924 6
942 1565 2
272 907 7
647 1151 5
823 1034 2
10 88 9391
1109 4548 3
1735 5760 34
968 2016 6
398 3444 11
2334 5870 11
1687 6076 1
1108 3691 19
2754 3780 16
232 4319 20
1011 2522 22
10 97 9340
444 755 3
863 871 2
381 1379 9
412 933 6
488 788 9
361 456 3
249 709 9
124 129 4
98 1029 1
138 465 6
9 90 9489
9888 10000 83
4428 6829 86
9074 10000 3
6500 9939 72
6256 10000 37
1765 9216 51
8377 10000 58
6550 10000 72
8916 10000 75
8 92 9859
697 1555 9
103 923 2
568 847 5
966 1924 3
885 1626 3
857 998 7
256 1160 3
935 1410 4
9 86 7481
777 1351 1
343 1026 5
869 1658 4
870 1682 6
125 459 1
923 947 6
911 1014 2
458 1442 5
324 965 4
8 92 9430
439 1329 9
414 1217 1
875 1489 4
563 1011 8
907 969 6
833 1730 6
955 1513 4
957 1303 4
10 96 7869
314 561 6
656 1525 2
163 522 4
298 539 3
300 413 4
517 1034 7
217 917 9
875 1471 9
429 915 2
311 982 5
7 100 8269
654 1329 10
713 852 3
721 1385 5
762 1161 1
739 1591 6
102 852 3
632 1124 10
